3,38766703277757
-10,8926482890182
-11,9990525239744
-12,8016099100985
-9,05629257916904
-7,56312854948251
-4,9708741978584
-3,80160882512627
0,52188611002868
4,67528772338479
6,3753483866135
8,23599789228033
9,26427874874644
7,05611802081462
6,5414989867118
6,03532595314752
4,68340951007851
3,06430002494817
1,97772291896392
2,80038080132474
-2,06538668213391
-3,50073084713715
-0,325453458718737
1,86778366445463
1,32491126897383
-0,711774256238193
0,0403736889404824
2,74960427608539
4,23759126420528
1,15633925443714
-0,527630756634994
-0,678165710955789
-1,55132557321064
-1,13529981451776
0,245312246727317
-1,27248876659252
4,41875469829697
0
2,91898869944439
0,353805905553023
2,44826513686336
0
3,85118587971462
0
3,53148430446564
3,08047279393818
1,05065632601183
0
1,46208440248545
-0,137216493025605
1,99037495521088
4,83593307396303
2,0163241140107
0
2,16812211444906
4,81809524832379
1,66974474568469
6,21248518086516
2,69887675814802
0
2,32440183562847
0
0,814046121293639
5,54249998721497
0,806855787974379
1,28303665867798
0,565893784614701
0
1,08414874697001
-2,91556735541711
1,15242709647515
0
-2,91801313424138
0
0
-3,33180284448628
-5,80034993931834
-0,938802359674775
-3,48764740543418
0
-4,87459527753709
-5,26183796813779
0
0
-4,42929323633957
0,921966445137794
0
-2,0835452833549
-2,22998949216834
0
-2,05350977211064
-1,98311439500814
0,518700858411747
0,101704163577679
0
4,40652461037908
1,58763247444572
0
-2,90463970892619
2,62043925985284
1,48966651610524
0
3,68123627564543
0
1,28963116477853
4,25657951209367
0
0
2,15295018089023
0
-2,51695664705875
0
0,781941081322413
0
1,93914318332515
-5,19695126233225
0,592796648161729
1,95550743241647
0
-1,65761933427172
1,43487351260028
-0,701537575864505
0
0
2,72148054480119
-6,4240176817422
0,783630065818783
0
4,42501643966339
0
-5,53446649192256
0
4,38404572147919
-2,14835218378824
0
-5,60199644164122
1,25725720276419
0
1,13785362039745
0
0,469963316072777
0
0
0,380888936121391
1,05176794817962
-6,13999658076211
0
-0,996365233808062
0
0
-5,50894747064799
0
0,389558603351406
-1,3484017894774
-0,484708972476255
-4,17546742261849
-0,660160885033611
0
0
0
-3,67740076064557
1,71922922126475
0,81871778472642
0
0
-3,95449131061445
0
0
1,192868172959
0
-4,31653077723107
-1,24256751411417
0
0
0,587729267390367
-2,14946179426741
0,648109073864155
0
0
0
2,33956321296261
0
3,70622725572013
0
1,97290797742027
0
3,38473656503064
-1,32664673972403
0
2,62935100903815
0,0830674975072052
0
3,42120898309788
0
0
0
2,44863631713076
0
2,89086290674651
0
0,864552030072898
0
0
4,11362851389309
1,52116479447832
0
0
2,00675179398806
0,379601860976706
-0,371607564239726
0,256031944245456
0
0
0
0
0
0,11004098514611
0,953579364827894
0
0
-0,827140099752332
0
0
0
-0,443472610327506
1,29151575822152
0
0
0,128416051912089
0
-2,92119572412418
-1,3022840029164
0,090696296989398
0
1,8207349388415
0
0
0
-0,611835168657463
0
0,395849892510114
0
-0,138439568000725
1,53302750648208
0
-3,1364763433868
0
0
0,196784087387043
0
-2,1349999303485
0
1,98541242448253
0,949938183610808
0
0
0,293790678970855
0
0
0
-1,97998313164147
1,15475523049248
0
0
-0,305078943616947
0
0
0
0
0
-0,292593536025365
0
-0,559534048839439
0
0
-0,100967127208876
0,297973490884314
0
0
-1,42760681505817
0,287077153304004
0
0
0
0
0
-0,300624320098091
0
-1,76557158182036
0
-1,69046771247023
0
0
0
0
0
0
-2,26484872058995
0
0
-0,940757498048397
0
0
0
0
0
0,11670614680551
0
-0,0998873712511104
0
-0,719766133971403
0
0,441899818103458
0
0
1,22263249145745
0
0
0
1,10704680791935
0,134800926730041
0
0
0
0,475368545328916
0
0
0
0
0
-0,574209800303976
0
0
0
0
0
0,499768968743471
0
0
0
-0,858895667988957
1,20777551846404
0
0
0
0
0
0
0,514891476433175
0
-1,01075312051069
0
2,42792944487686
0
0
0
0
0
0
0
0,527218634797967
0
0
1,36783196194462
0
0
0
0
0
0
0
0
0,53654510657451
0
0,33622389653154
0
0
0
0
0
0
0
0
0
0,545586589310382
1,77481167703882
0
0
0
0
0
0
0
0
0
0
0,551841950221912
0
0
0
0
0
0
0
0
0
0
0
0,552702248228474
0
0
0
0
0
0
0
0
0
0
0
0,55295493412477
0
0
0
0
0
0
0
0
0
0
0
0
0
0
0
0
0
0
0
0
0
0
0
0
0
0
0
0
0
0
0
0
0
0
