[0][0]-1,43680828254077
[0][1]-0,725599149794673
[0][2]-0,545014447541683
[0][3]1,95355702475293
[0][4]3,25113400695323
[0][5]4,12669186869493
[0][6]4,52169622561079
[0][7]4,85747368160575
[0][8]5,03802705718768
[0][9]5,20492413036731
[0][10]5,35289025412181
[0][11]5,45139043322717
[0][12]5,56533371072326
[0][13]5,61159554280791
[0][14]5,68879242355219
[0][15]5,77176845230199
[0][16]5,83673827304418
[0][17]5,92304127853931
[0][18]5,96965341513884
[0][19]6,04168346883548
[0][20]6,08786883529615
[0][21]6,13368875337004
[0][22]6,18017657831892
[0][23]6,20900449427658
[0][24]6,25279024257905
[0][25]6,27275714676109
[0][26]6,29369302173943
[0][27]6,31523995632617
[0][28]6,33306702339075
[0][29]6,3557197492238
[0][30]6,36705146354321
[0][31]6,38361952198377
[0][32]6,3904944191064
[0][33]6,394908900279
[0][34]6,39801139215728
[0][35]6,39878069780939
[0][36]6,39937417209401
[0][37]6,39938674316382
[0][38]6,3993923828119
[0][39]6,39939901738274
[0][40]6,39940542279309
[0][41]6,39941134385945
[0][42]6,3994158868325
[0][43]6,39941907196263
[0][44]6,39942264632232
[0][45]6,39942990275007
[0][46]6,39944139631192
[0][47]6,39945537485378
[0][48]6,3994641334641
[0][49]6,39947051617247
[0][50]6,3994762265558
[0][51]6,39948204053424
[0][52]6,39948791168036
[0][53]6,39949288195873
[0][54]6,39949815153136
[0][55]6,39950436801112
[0][56]6,39951004400746
[0][57]6,3995138206907
[0][58]6,39951713733205
[0][59]6,39951937813775
[0][60]6,39952160921926
[1][0]2,60644461202753
[1][1]2,61545362673364
[1][2]2,38999860831469
[1][3]2,57979462305111
[1][4]2,53277683553811
[1][5]2,58482011930434
[1][6]2,57938476045223
[1][7]2,6427815108652
[1][8]2,36445534843447
[1][9]2,55655478178486
[1][10]2,48938022116894
[1][11]2,47015656575349
[1][12]2,64887001781838
[1][13]2,65448189622047
[1][14]2,3940232011466
[1][15]2,5003365691381
[1][16]2,597297279201
[1][17]2,64387110796022
[1][18]2,53141067261547
[1][19]2,63289010629181
[1][20]2,67725927114759
[1][21]2,59945476167623
[1][22]2,6485455507186
[1][23]2,56664911034478
[1][24]2,61836334929654
[1][25]2,693928840826
[1][26]2,46056413358885
[1][27]2,51969626467541
[1][28]2,71700713915231
[1][29]2,61843665508762
[1][30]2,67904649719306
[1][31]2,65702903853211
[1][32]2,67071812598102
[1][33]2,57176067175264
[1][34]2,51572186108818
[1][35]2,80209232210078
[1][36]2,80035718199199
[1][37]2,2208572182992
[1][38]2,5287086134442
[1][39]2,53148171443232
[1][40]2,4392912404267
[1][41]2,47481806864095
[1][42]2,44821581731036
[1][43]2,51922371992363
[1][44]2,35840894123399
[1][45]2,14233769757398
[1][46]2,27925011008296
[1][47]2,3705008236499
[1][48]2,37278436553326
[1][49]2,47599746515075
[1][50]2,5638258903211
[1][51]2,52894269009784
[1][52]2,53100923100746
[1][53]2,55654867246552
[1][54]2,58308886337322
[1][55]2,67984890740622
[1][56]2,6071626757002
[1][57]2,58426177268187
[1][58]2,51326728727714
[1][59]2,58340983819145
[1][60]2,71711987517329
[2][0]0,281862766031575
[2][1]-0,0731202926053607
[2][2]-0,368086352873037
[2][3]-0,114488894367878
[2][4]-0,202402159885315
[2][5]-0,332491042820452
[2][6]-0,434934804241041
[2][7]-0,145850409001016
[2][8]0,125156293128915
[2][9]-0,40674430907637
[2][10]-0,154772009055355
[2][11]-0,324014183039737
[2][12]-0,0091200193358949
[2][13]0,0617241530060499
[2][14]-0,223523219755799
[2][15]-0,0735393235468149
[2][16]-0,359803870457905
[2][17]-0,207809457280847
[2][18]-0,241904365720974
[2][19]-0,338362533128434
[2][20]-0,291911930330573
[2][21]-0,210045873920747
[2][22]-0,14220158139645
[2][23]-0,290883972360851
[2][24]-0,0270532224144668
[2][25]-0,0407258753717903
[2][26]-0,0454662495878053
[2][27]-0,0240258290227788
[2][28]-0,00114230307606045
[2][29]0,204035280761266
[2][30]-0,109190495103274
[2][31]0,0291701294631097
[2][32]-0,0291333701475147
[2][33]0,0830802764509992
[2][34]0,203974772530339
[2][35]1,14997391506716
[2][36]0,877458700153806
[2][37]0,319878839067542
[2][38]-0,0551935178613019
[2][39]0,0220011718069233
[2][40]0,0815458833850911
[2][41]0,0393324153966583
[2][42]-0,0180982944598873
[2][43]-0,182078605121239
[2][44]-0,515349300477856
[2][45]-0,47356334455014
[2][46]-0,274819822267772
[2][47]-0,394465132991018
[2][48]-0,286095904103553
[2][49]-0,166326285320311
[2][50]-0,117497193392045
[2][51]-0,0657403087863595
[2][52]0,0113092509640196
[2][53]-0,222689664071757
[2][54]-0,118971720913701
[2][55]-0,055104198185989
[2][56]0,190612014055188
[2][57]-0,0516504123948578
[2][58]-0,139335618335274
[2][59]-0,235913031496416
[2][60]-0,309329222944267
[3][0]0,261061313550397
[3][1]0,386367052743241
[3][2]0,353899424333206
[3][3]0,428769177817702
[3][4]0,370123401086071
[3][5]0,413325947986757
[3][6]0,317800326125926
[3][7]0,315248805229353
[3][8]0,172174602540786
[3][9]0,373766442750891
[3][10]0,345489880419561
[3][11]0,37815450577528
[3][12]0,389323205659695
[3][13]0,333392523462375
[3][14]0,345472212046688
[3][15]0,403659689025502
[3][16]0,382873067359586
[3][17]0,423305962342277
[3][18]0,372950720183471
[3][19]0,364170659844255
[3][20]0,391252612384479
[3][21]0,381460801251669
[3][22]0,43670567172972
[3][23]0,425275223928312
[3][24]0,37403794001954
[3][25]0,358661580498944
[3][26]0,3419841267564
[3][27]0,352736469529423
[3][28]0,403557683130687
[3][29]0,362740347952086
[3][30]0,482922133071701
[3][31]0,478995328711668
[3][32]0,507566203355744
[3][33]0,423210478815678
[3][34]0,361910429810424
[3][35]0,453921518447541
[3][36]0,464472294883086
[3][37]0,271551927225204
[3][38]0,382971248905539
[3][39]0,343887560513504
[3][40]0,32261987148228
[3][41]0,356937075556432
[3][42]0,396127928675606
[3][43]0,444268920060376
[3][44]0,301564403471439
[3][45]0,100646118487489
[3][46]0,0709357535966353
[3][47]0,169216104709204
[3][48]0,213041330489763
[3][49]0,246809659721955
[3][50]0,35213171081254
[3][51]0,338775786709972
[3][52]0,350967946960591
[3][53]0,383351547976153
[3][54]0,376829708720515
[3][55]0,427866719032532
[3][56]0,362676787639298
[3][57]0,413094546896488
[3][58]0,427366853237004
[3][59]0,53578707095657
[3][60]0,559978810060553
[4][0]-0,304394730172616
[4][1]-0,198456178400009
[4][2]-0,260153892068629
[4][3]-0,368420126428001
[4][4]-0,439753815740291
[4][5]-0,283778938218883
[4][6]-0,383791474287844
[4][7]-0,417930088680805
[4][8]-0,216839252460235
[4][9]-0,31878234948195
[4][10]-0,275135440083012
[4][11]-0,302135885309422
[4][12]-0,345589787800077
[4][13]-0,379955150875582
[4][14]-0,322556314895986
[4][15]-0,266006668989511
[4][16]-0,34053129388573
[4][17]-0,32849424523573
[4][18]-0,375292502856419
[4][19]-0,335232922916384
[4][20]-0,329614236597798
[4][21]-0,403162356439286
[4][22]-0,236518403611266
[4][23]-0,287592167018192
[4][24]-0,250875971300399
[4][25]-0,388185197839484
[4][26]-0,33923808804154
[4][27]-0,367421259229931
[4][28]-0,312510902067006
[4][29]-0,218199597635629
[4][30]-0,112960448944208
[4][31]-0,262696821282982
[4][32]-0,282122890040565
[4][33]-0,225467025087025
[4][34]-0,234615495543105
[4][35]-0,0998677200096494
[4][36]-0,0105873795706539
[4][37]0,00769533500939024
[4][38]-0,199862912424075
[4][39]-0,158245103234213
[4][40]-0,186931792744799
[4][41]-0,101214623762899
[4][42]-0,052170483965162
[4][43]-0,105110511085333
[4][44]-0,392799330666983
[4][45]-0,575139884364448
[4][46]-0,670319939922262
[4][47]-0,682004484295878
[4][48]-0,598107140832628
[4][49]-0,544834774423386
[4][50]-0,527954894804381
[4][51]-0,496607413554922
[4][52]-0,388917989480592
[4][53]-0,392767416685135
[4][54]-0,376292184768032
[4][55]-0,310534540022334
[4][56]-0,400359585555909
[4][57]-0,1442080553934
[4][58]-0,108297248705036
[4][59]0,0112860161895387
[4][60]-0,0830599790213489
[5][0]0,0670574079968096
[5][1]0,0899678420393126
[5][2]0,0771167065580189
[5][3]0,249529487144275
[5][4]0,196360013045576
[5][5]0,154487636989835
[5][6]0,138966018455934
[5][7]0,169927350247444
[5][8]0,0850772097256391
[5][9]0,120480217845755
[5][10]0,144739409537106
[5][11]0,112198408193432
[5][12]0,183935532184431
[5][13]0,216728505337246
[5][14]0,129563489015204
[5][15]0,117387386146194
[5][16]0,129723811827631
[5][17]0,141692438686984
[5][18]0,144204269735654
[5][19]0,136612139666199
[5][20]0,131444832265539
[5][21]0,172519094548313
[5][22]0,116859340107955
[5][23]0,1282475434911
[5][24]0,132918142291139
[5][25]0,212757816863628
[5][26]0,222897340828426
[5][27]0,172987445406408
[5][28]0,150764534232063
[5][29]0,179220738308996
[5][30]0,150721378087784
[5][31]0,222973111705007
[5][32]0,279400964143954
[5][33]0,154925210093742
[5][34]0,126576891802013
[5][35]0,0936688052305386
[5][36]0,040620402400293
[5][37]0,0906387164195901
[5][38]0,144953870112035
[5][39]0,0602350812571402
[5][40]0,106353978198392
[5][41]0,0906465632118572
[5][42]0,0895593400625683
[5][43]0,190434687428082
[5][44]0,221915027348152
[5][45]0,126435742896941
[5][46]0,0463481832295223
[5][47]0,130291820493402
[5][48]0,282463580402189
[5][49]0,125500268952425
[5][50]0,244100836318528
[5][51]0,28470533697924
[5][52]0,205950001635003
[5][53]0,270917271691697
[5][54]0,200400774385006
[5][55]0,226080638265671
[5][56]0,209957069849126
[5][57]0,130880607128634
[5][58]0,186649774869368
[5][59]0,211171357261913
[5][60]0,202167564305022
[6][0]-0,186763901493047
[6][1]-0,157178590035899
[6][2]-0,0261080412349437
[6][3]0,135135037223234
[6][4]0,0789331784283407
[6][5]0,054528204383109
[6][6]0,0490855288617418
[6][7]0,0281780386651427
[6][8]0,00722040664963175
[6][9]0,0742846195047431
[6][10]0,0565231451824264
[6][11]0,0336405004777443
[6][12]0,0140523173215099
[6][13]0,0775298138135572
[6][14]0,0463501052998483
[6][15]-0,0341067172285445
[6][16]0,0607976285770748
[6][17]0,0381859089281607
[6][18]0,0540262417803978
[6][19]0,0687189615785391
[6][20]0,0421033072010752
[6][21]0,0822749603132493
[6][22]-0,014704667441646
[6][23]0,0401975225154838
[6][24]-0,0068241961893083
[6][25]0,0767258950153287
[6][26]0,159827756490801
[6][27]0,0587906634804489
[6][28]-0,000331639654322036
[6][29]0,0788565545248705
[6][30]0,103714102039393
[6][31]0,119072903485274
[6][32]0,226030675668611
[6][33]0,0198459558600064
[6][34]-0,00847487815461556
[6][35]-0,148141905484762
[6][36]-0,26490496876001
[6][37]0,0622285755660638
[6][38]0,0670415341947477
[6][39]-0,196874320979605
[6][40]-0,129045336093331
[6][41]-0,0556436526903559
[6][42]-0,0720901588568899
[6][43]0,176178186717495
[6][44]0,249634850624177
[6][45]0,151452789709042
[6][46]0,0352770103546929
[6][47]0,108329668013575
[6][48]0,295510370503861
[6][49]0,0433937103617832
[6][50]0,196264473766852
[6][51]0,268543960106886
[6][52]0,152580619382832
[6][53]0,204046035466459
[6][54]0,183463334133124
[6][55]0,239169093622379
[6][56]0,13024555525264
[6][57]-0,0348797299082468
[6][58]0,179117755518515
[6][59]0,150231229840212
[6][60]0,137807551838985
[7][0]0,224531981673896
[7][1]0,162332624790509
[7][2]0,118728409057313
[7][3]0,00476812225849432
[7][4]-0,0794327921344937
[7][5]-0,0422158623202606
[7][6]-0,06086916455103
[7][7]-0,0499812785946139
[7][8]-0,0143015227698411
[7][9]-0,086922797909009
[7][10]-0,0461205570141101
[7][11]-0,049109689044847
[7][12]-0,0539482986177231
[7][13]-0,0769438098434905
[7][14]-0,048668941417076
[7][15]-0,0285356648078379
[7][16]-0,0843302018166128
[7][17]-0,0759254066941168
[7][18]-0,0720837568614328
[7][19]-0,0908884788120865
[7][20]-0,105070266828919
[7][21]-0,105647020737802
[7][22]-0,0739068389553488
[7][23]-0,0747903534911436
[7][24]-0,0460413229803751
[7][25]-0,0820192079949593
[7][26]-0,0382508282899097
[7][27]0,0584698641283947
[7][28]-0,0293038212517187
[7][29]-0,00401510490564716
[7][30]-0,131123293094218
[7][31]0,0128679848097075
[7][32]-0,0502619738501013
[7][33]0,17124573404433
[7][34]0,201892802285343
[7][35]0,124281101760766
[7][36]0,0977850583580639
[7][37]0,0921287054864265
[7][38]-0,0146299690557563
[7][39]0,0959948944607685
[7][40]0,140761528834812
[7][41]0,054311827324879
[7][42]0,0896526569082614
[7][43]-0,00140429705472922
[7][44]-0,073376450782896
[7][45]-0,146805653587023
[7][46]-0,19035873438191
[7][47]-0,170504536513671
[7][48]-0,00114858398539797
[7][49]-0,0632657192193009
[7][50]-0,112156675360992
[7][51]-0,0853476001920646
[7][52]-0,0437102564410088
[7][53]-0,0774034286704754
[7][54]-0,102189398250375
[7][55]-0,0969115164359482
[7][56]-0,0737542076883142
[7][57]0,120365851109144
[7][58]0,0313078517282006
[7][59]0,0622881452540978
[7][60]0,0141404207798255
[8][0]0,173281756154542
[8][1]0,18756444870622
[8][2]0,203972837988504
[8][3]0,0545182147533341
[8][4]-0,0124373079826259
[8][5]0,0290106685057272
[8][6]0,0185672808163666
[8][7]-0,021614152194886
[8][8]-0,0252282371535484
[8][9]0,0152617976763993
[8][10]-0,0198904653700975
[8][11]0,0217755741871004
[8][12]-0,0281579763870714
[8][13]-0,0723226800645373
[8][14]-0,0159735136418195
[8][15]-0,0157340400386023
[8][16]0,00982304869327555
[8][17]-0,00131485623943828
[8][18]-0,00406109098035445
[8][19]0,00160003413999288
[8][20]-0,00281723493222641
[8][21]-0,0324375933726393
[8][22]-0,0476312967294295
[8][23]-0,0080554757626321
[8][24]-0,0330935927723983
[8][25]-0,0324637362935483
[8][26]-0,0283216807021185
[8][27]0,0639591738266896
[8][28]-0,00425094804701454
[8][29]-0,0307764012756688
[8][30]-0,118213061136162
[8][31]0,0267928041440664
[8][32]-0,00643486792966819
[8][33]0,197766290653216
[8][34]0,194531386791216
[8][35]0,0117732777068931
[8][36]-0,0688008436571592
[8][37]0,0635612584622664
[8][38]-0,0375412090211276
[8][39]-0,0593259756265874
[8][40]0,00241914043404479
[8][41]-0,0249603632063975
[8][42]0,0512917937872346
[8][43]0,0211120919873318
[8][44]0,0471329819116275
[8][45]0,0229438184410224
[8][46]-0,0781643232155909
[8][47]-0,0069995949988253
[8][48]0,109139681682653
[8][49]-0,0137953338096684
[8][50]-0,0475232423967205
[8][51]-0,0128313656937544
[8][52]-0,0136002071686161
[8][53]0,0172100470331396
[8][54]-0,0145405910235359
[8][55]-0,017486847952892
[8][56]-0,095647481484668
[8][57]0,118166615294932
[8][58]0,0602596360295917
[8][59]0,0801767740518979
[8][60]0,0487673876741459
[9][0]-0,123054476802899
[9][1]-0,164975335284049
[9][2]-0,212991794230557
[9][3]0,0596870612072293
[9][4]0,0198541309639393
[9][5]-0,0229977957986036
[9][6]0,00793240122211358
[9][7]0,040391072729693
[9][8]0,0487052537869927
[9][9]-0,0321854109265169
[9][10]0,0207618808871675
[9][11]-0,0236031284330556
[9][12]0,0155669973411863
[9][13]0,0989282441584405
[9][14]0,00763259489076495
[9][15]-0,0434712629424681
[9][16]-0,0355695735235915
[9][17]-0,0611595764565545
[9][18]-0,022720872590799
[9][19]-0,0279835845134211
[9][20]-0,0607276886479085
[9][21]-0,00190854747071167
[9][22]-0,032020491872867
[9][23]-0,0209298394769015
[9][24]0,00532970337345895
[9][25]0,036350528451603
[9][26]0,0455988379389543
[9][27]0,076862637450418
[9][28]0,0247936273396352
[9][29]0,0712270680034648
[9][30]0,100698451883471
[9][31]0,0442757734712813
[9][32]-0,00473406223506623
[9][33]0,0186363256605158
[9][34]0,0511778086510326
[9][35]0,0913728675960838
[9][36]0,127997454593131
[9][37]0,180828842081832
[9][38]0,124665284414838
[9][39]0,191550553906308
[9][40]0,174142382653536
[9][41]0,175078350079659
[9][42]0,155205873797185
[9][43]-0,0070271097115977
[9][44]0,0653244848500114
[9][45]-0,0541224161559987
[9][46]0,0223434278818966
[9][47]-0,0559578218048522
[9][48]0,12304588231182
[9][49]0,0252458244806566
[9][50]-0,12201471341775
[9][51]0,00502571657757667
[9][52]-0,038668237539601
[9][53]-0,063365724770692
[9][54]-0,0566946071211101
[9][55]-0,0853155452112844
[9][56]0,163172282231499
[9][57]0,0898350905130183
[9][58]0,0980227803123535
[9][59]0,0389760289150276
[9][60]0,0952471141493536
[10][0]0,0575125163631047
[10][1]-0,0343652152087701
[10][2]-0,1492202348482
[10][3]0,101209685878004
[10][4]0,0772783806142723
[10][5]0,0502193537154449
[10][6]0,0933410977420723
[10][7]0,104429081861432
[10][8]-0,0592558781219961
[10][9]0,0342004724886424
[10][10]0,0328707933593162
[10][11]0,0485770585789331
[10][12]0,0502896614780766
[10][13]0,0915861012101324
[10][14]0,0511256053317819
[10][15]-0,000657761601503104
[10][16]0,0470890258489782
[10][17]0,0183231836100912
[10][18]0,0524501537730049
[10][19]0,0498128754668807
[10][20]0,0223432316237866
[10][21]0,0615078301963734
[10][22]0,0293678023194095
[10][23]0,0566915198051707
[10][24]0,0443997724530889
[10][25]0,0815875127088297
[10][26]0,033317804874802
[10][27]0,123361969226839
[10][28]0,102366768008902
[10][29]0,049475055024123
[10][30]0,107338224121419
[10][31]0,0948900471074148
[10][32]0,0362909582006072
[10][33]0,116161884607041
[10][34]0,132267423662217
[10][35]0,126517393843298
[10][36]0,119224931439425
[10][37]0,159910080701289
[10][38]0,139319442340782
[10][39]0,232366169466018
[10][40]0,212768621250907
[10][41]0,19214465686416
[10][42]0,185409231719877
[10][43]-0,000619372202086632
[10][44]0,0497734051681733
[10][45]-0,0519521819891691
[10][46]0,0753893835235435
[10][47]0,00666963257050801
[10][48]0,138424721751751
[10][49]0,100507911601522
[10][50]-0,0341572466394979
[10][51]0,0367609287542598
[10][52]-0,00595995822940676
[10][53]-0,0355700080833259
[10][54]-0,00243803109945173
[10][55]-0,0425132862979204
[10][56]0,17254408334744
[10][57]0,166230148598451
[10][58]0,1107903074492
[10][59]0,0625888687772519
[10][60]0,162816735553263
[11][0]-0,0963330600834197
[11][1]-0,13639437428788
[11][2]-0,0126980876225352
[11][3]-0,131360316860203
[11][4]-0,135707029570192
[11][5]-0,0939647954449016
[11][6]-0,141530248469976
[11][7]-0,190589713202177
[11][8]-0,0752621661024787
[11][9]-0,0410259796933801
[11][10]-0,07190089784368
[11][11]-0,0534974671215227
[11][12]-0,155987698649147
[11][13]-0,121031653517502
[11][14]-0,0915596198776297
[11][15]-0,111465422405391
[11][16]-0,0802738690335725
[11][17]-0,0989046372501463
[11][18]-0,0972977560353624
[11][19]-0,0652370286069832
[11][20]-0,0558175322559342
[11][21]-0,116970141815312
[11][22]-0,113315339441503
[11][23]-0,0814130337512692
[11][24]-0,081553491384847
[11][25]-0,110922443944282
[11][26]-0,0762631075925798
[11][27]-0,132603666395095
[11][28]-0,11556703970926
[11][29]-0,0899550710482533
[11][30]-0,0613097440971223
[11][31]-0,120749792368053
[11][32]-0,0526278792551921
[11][33]0,0133764451663393
[11][34]0,00999043808780564
[11][35]0,019708040740261
[11][36]-0,0252563234413232
[11][37]-0,0658456768451033
[11][38]-0,15345508310717
[11][39]-0,290331579603741
[11][40]-0,225998598674536
[11][41]-0,143573059120634
[11][42]-0,126918031638242
[11][43]-0,0571622855235347
[11][44]-0,00545056433142144
[11][45]0,0870233656719993
[11][46]0,0152811986638668
[11][47]-0,0415994963129361
[11][48]0,0128156293180492
[11][49]-0,147941822440474
[11][50]-0,120148668738574
[11][51]-0,0211701985141991
[11][52]-0,100807779287687
[11][53]-0,0925540820421917
[11][54]0,0102083899314765
[11][55]0,0238680688864118
[11][56]-0,105594894870217
[11][57]-0,0881348970839086
[11][58]0,0118455160747128
[11][59]-0,0320154317233979
[11][60]-0,0642804026611562
[12][0]-0,112170218012763
[12][1]-0,144992037663452
[12][2]-0,0469850021113287
[12][3]-0,00575624882231374
[12][4]0,0211863065923082
[12][5]-0,0429215167152255
[12][6]-0,064285071936006
[12][7]-0,056411039152961
[12][8]0,0337711084660347
[12][9]-0,0427623953068608
[12][10]0,0228057945602361
[12][11]-0,00983146613042432
[12][12]0,0148643238218558
[12][13]0,0442512135464935
[12][14]-0,0092006473771836
[12][15]0,0221073334198358
[12][16]-0,0565810644468334
[12][17]-0,0401083031513867
[12][18]-0,024671035522942
[12][19]-0,0516722617037774
[12][20]-0,028621706649697
[12][21]-0,0183131936750629
[12][22]-0,000246538408731789
[12][23]-0,017689172360813
[12][24]0,0306358142922374
[12][25]0,0128443125331002
[12][26]0,0102843206720773
[12][27]-0,0660578579533921
[12][28]-0,0110797396121722
[12][29]-0,0262580352571606
[12][30]0,00840999266854428
[12][31]-0,0743359640211267
[12][32]-0,031402078237294
[12][33]-0,00363784583343138
[12][34]-0,00724327834511085
[12][35]0,0330796404368301
[12][36]0,0180772986736011
[12][37]-0,160027376318337
[12][38]-0,149328322114785
[12][39]-0,15262014250409
[12][40]-0,152963141726614
[12][41]-0,127420721017854
[12][42]-0,14873931777768
[12][43]-0,12654316544333
[12][44]-0,0439225256704678
[12][45]0,0406253105035101
[12][46]0,0263474750771221
[12][47]-0,0142511358500898
[12][48]0,0128395806590292
[12][49]-0,0686757389666452
[12][50]-0,0859272152052858
[12][51]-0,00249964005008971
[12][52]-0,0923216340282262
[12][53]-0,0664482232338443
[12][54]-0,0336823618561827
[12][55]-0,0708726597206133
[12][56]-0,0587411684122939
[12][57]-0,068838801549165
[12][58]-0,0297486939932149
[12][59]-0,047376427673009
[12][60]-0,0289498234756253
